1 1000.000000 40 1.000000 0 nan nan nan nan nan nan nan
1 1000.000000 40 0.999900 1 1.000000 1.495159 1.000000 1.000000 -inf 1.000000 -1.760000
1 1000.000000 40 0.999900 1 1.000000 1.495159 1.000000 1.000000 -inf 1.000000 -1.760000
1 1000.000000 40 0.999000 1 1.000000 1.495159 1.000000 1.000000 -inf 1.000000 -1.760000
1 1000.000000 40 0.999000 1 1.000000 1.495159 1.000000 1.000000 -inf 1.000000 -1.760000
1 1000.000000 40 0.999000 1 1.000000 1.495159 1.000000 1.000000 -inf 1.000000 -1.760000
1 1000.000000 40 0.999000 1 1.000000 1.495159 1.000000 1.000000 -inf 1.000000 -1.760000
1 1000.000000 40 0.999000 1 1.000000 1.495159 1.000000 1.000000 -inf 1.000000 -1.760000
1 1000.000000 40 0.999000 1 1.000000 1.495159 1.000000 1.000000 -inf 1.000000 -1.760000
1 1000.000000 40 0.998000 2 1.000000 0.796785 1.000000 1.000000 -inf 1.000000 -1.080000
1 1000.000000 40 0.998000 2 1.000000 0.796785 1.000000 1.000000 -inf 1.000000 -1.080000
1 1000.000000 40 0.998000 2 1.000000 0.796785 1.000000 1.000000 -inf 1.000000 -1.080000
1 1000.000000 40 0.998000 2 1.000000 0.796785 1.000000 1.000000 -inf 1.000000 -1.080000
1 1000.000000 40 0.998000 2 1.000000 0.796785 1.000000 1.000000 -inf 1.000000 -1.080000
1 1000.000000 40 0.998000 2 1.000000 0.796785 1.000000 1.000000 -inf 1.000000 -1.080000
1 1000.000000 40 0.998000 2 1.000000 0.796785 1.000000 1.000000 -inf 1.000000 -1.080000
1 1000.000000 40 0.998000 2 1.000000 0.796785 1.000000 1.000000 -inf 1.000000 -1.080000
1 1000.000000 40 0.998000 2 1.000000 0.796785 1.000000 1.000000 -inf 1.000000 -2.120000
1 1000.000000 40 0.998000 2 1.000000 0.796785 1.000000 1.000000 -inf 1.000000 -2.120000
1 1000.000000 40 0.998000 2 1.000000 0.796785 1.000000 1.000000 -inf 1.000000 -2.120000
1 1000.000000 40 0.998000 2 1.000000 0.796785 1.000000 1.000000 -inf 1.000000 -2.120000
1 1000.000000 40 0.999000 1 1.000000 1.495159 1.000000 1.000000 -inf 1.000000 -4.520000
1 1000.000000 40 0.999000 1 1.000000 1.495159 1.000000 1.000000 -inf 1.000000 -4.520000
1 1000.000000 40 0.999000 1 1.000000 1.495159 1.000000 1.000000 -inf 1.000000 -4.520000
1 1000.000000 40 0.997000 3 1.000000 0.624575 1.000000 1.000000 -inf 1.000000 -3.773333
1 1000.000000 40 0.997000 3 1.000000 0.624575 1.000000 1.000000 -inf 1.000000 -3.773333
1 1000.000000 40 0.997000 3 1.000000 0.624575 1.000000 1.000000 -inf 1.000000 -3.773333
1 1000.000000 40 0.997000 3 1.000000 0.624575 1.000000 1.000000 -inf 1.000000 -3.773333
1 1000.000000 40 0.997000 3 1.000000 0.624575 1.000000 1.000000 -inf 1.000000 -3.773333
1 1000.000000 40 0.997000 3 1.000000 0.624575 1.000000 1.000000 -inf 1.000000 -3.773333
1 1000.000000 40 0.997000 3 1.000000 0.624575 1.000000 1.000000 -inf 1.000000 -3.773333
1 1000.000000 40 0.997000 3 1.000000 0.624575 1.000000 1.000000 -inf 1.000000 -3.773333
1 1000.000000 40 0.997000 3 1.000000 0.624575 1.000000 1.000000 -inf 1.000000 -3.773333
1 1000.000000 40 0.999000 1 1.000000 1.495159 1.000000 1.000000 -inf 1.000000 -4.520000
1 1000.000000 40 0.999000 1 1.000000 1.495159 1.000000 1.000000 -inf 1.000000 -4.520000
1 1000.000000 40 0.999000 1 1.000000 1.495159 1.000000 1.000000 -inf 1.000000 -4.520000
1 1000.000000 40 0.998000 2 1.000000 0.810483 1.000000 1.000000 -inf 1.000000 -3.120000
1 1000.000000 40 0.998000 2 1.000000 0.810483 1.000000 1.000000 -inf 1.000000 -3.120000
1 1000.000000 40 0.998000 2 1.000000 0.810483 1.000000 1.000000 -inf 1.000000 -3.120000
1 1000.000000 40 0.998000 2 1.000000 0.810483 1.000000 1.000000 -inf 1.000000 -3.120000
1 1000.000000 40 0.998000 2 1.000000 0.810483 1.000000 1.000000 -inf 1.000000 -3.120000
1 1000.000000 40 0.998000 2 1.000000 0.810483 1.000000 1.000000 -inf 1.000000 -3.120000
1 1000.000000 40 0.997000 3 1.000000 0.624575 1.000000 1.000000 -inf 1.000000 -3.773333
1 1000.000000 40 0.997000 3 1.000000 0.624575 1.000000 1.000000 -inf 1.000000 -3.773333
1 1000.000000 40 0.997000 3 1.000000 0.624575 1.000000 1.000000 -inf 1.000000 -3.773333
1 1000.000000 40 0.999000 1 1.000000 1.495159 1.000000 1.000000 -inf 1.000000 -4.520000
1 1000.000000 40 0.999000 1 1.000000 1.495159 1.000000 1.000000 -inf 1.000000 -4.520000
1 1000.000000 40 0.358000 417 1.000000 0.943237 1.088785 1.088785 -inf 1.000000 -5.168937
1 1000.000000 40 0.358000 417 1.000000 0.943237 1.088785 1.088785 0.999796 0.000033 0.999796
1 1000.000000 40 0.382000 409 1.000000 0.944999 1.126214 1.126214 -4375.080000 0.998630 -4.994630
1 1000.000000 40 0.382000 409 1.000000 0.944999 1.126214 1.126214 -4375.080000 0.998630 -4.994630
1 1000.000000 40 0.382000 409 1.000000 0.944999 1.126214 1.126214 -4375.080000 0.998630 -4.994630
1 1000.000000 40 0.382000 409 1.000000 0.944999 1.126214 1.126214 -4375.080000 0.998630 -4.994630
1 1000.000000 40 0.382000 409 1.000000 0.944999 1.126214 1.126214 -4375.080000 0.998630 -4.994630
1 1000.000000 40 0.382000 409 1.000000 0.944999 1.126214 1.126214 -4375.080000 0.998630 -4.994630
1 1000.000000 40 0.382000 409 1.000000 0.944999 1.126214 1.126214 -4375.080000 0.998630 -4.994630
1 1000.000000 40 0.382000 409 1.000000 0.944999 1.126214 1.126214 -4375.080000 0.998630 -4.994630
1 1000.000000 40 0.380000 415 1.000000 0.943660 1.133871 1.133871 -4355.640000 0.998647 -4.895318
1 1000.000000 40 0.380000 415 1.000000 0.943660 1.133871 1.133871 -4355.640000 0.998647 -4.895318
1 1000.000000 40 0.370000 407 1.000000 0.953405 1.107937 1.107937 -4507.240000 0.998636 -5.150396
1 1000.000000 40 0.370000 407 1.000000 0.953405 1.107937 1.107937 -4507.240000 0.998636 -5.150396
1 1000.000000 40 0.370000 407 1.000000 0.953405 1.107937 1.107937 0.865071 0.021439 0.867964
1 1000.000000 40 0.365000 413 1.000000 0.949276 1.114961 1.114961 0.866489 0.021816 0.869402
